
insert a command
the command is: read_mat MAT_B,1,-2.1,-3,1,2.5,3,1,1.02,-2,3,1,2,3,1,-2,0.1


insert a command
the command is: print_mat MAT_B

   1.00	  -2.10	  -3.00	   1.00	
   2.50	   3.00	   1.00	   1.02	
  -2.00	   3.00	   1.00	   2.00	
   3.00	   1.00	  -2.00	   0.10	

insert a command
the command is: read_mat MAT_C ,-123.45,-124.6969,0.2,0.2369,12.3,4,1234.56,-963.85,7520.10,0000.00


insert a command
the command is: print_mat MAT_C

-123.45	-124.70	   0.20	   0.24	
  12.30	   4.00	1234.56	-963.85	
7520.10	   0.00	   0.00	   0.00	
   0.00	   0.00	   0.00	   0.00	

insert a command
the command is: trans_mat MAT_C  ,MAT_A


insert a command
the command is: print_mat MAT_A

-123.45	  12.30	7520.10	   0.00	
-124.70	   4.00	   0.00	   0.00	
   0.20	1234.56	   0.00	   0.00	
   0.24	-963.85	   0.00	   0.00	

insert a command
the command is: add_mat MAT_A,MAT_B,MAT_D


insert a command
the command is: print_mat MAT_D

-122.45	  10.20	7517.10	   1.00	
-122.20	   7.00	   1.00	   1.02	
  -1.80	1237.56	   1.00	   2.00	
   3.24	-962.85	  -2.00	   0.10	

insert a command
the command is: mul_scalar MAT_B,2,MAT_E


insert a command
the command is: print_mat MAT_E

   2.00	  -4.20	  -6.00	   2.00	
   5.00	   6.00	   2.00	   2.04	
  -4.00	   6.00	   2.00	   4.00	
   6.00	   2.00	  -4.00	   0.20	

insert a command
the command is: sub_mat MAT_B,MAT_E,MAT_B


insert a command
the command is: print_mat MAT_B

   1.00	  -2.10	  -3.00	   1.00	
   2.50	   3.00	   1.00	   1.02	
  -2.00	   3.00	   1.00	   2.00	
   3.00	   1.00	  -2.00	   0.10	

insert a command
the command is: mul_mat MAT_E,MAT_B,MAT_F


insert a command
the command is: print_mat MAT_F

   9.50	 -32.80	 -20.20	 -14.08	
  22.12	  15.54	 -11.08	  15.32	
  19.00	  36.40	  12.00	   6.52	
  19.60	 -18.40	 -20.40	   0.06	

insert a command
the command is: trans_mat MAT_F,MAT_F


insert a command
the command is: print_mat MAT_F

   9.50	  22.12	  19.00	  19.60	
 -32.80	  15.54	  36.40	 -18.40	
 -20.20	 -11.08	  12.00	 -20.40	
 -14.08	  15.32	   6.52	   0.06	

insert a command
the command is: stop

